US COVID-19 data archive since Jan 22, 2020
THE COVID Tracking Project
Source: https://covidtracking.com/data/national
Data include:
(1) YearDay from Jan 1, 2020
(2) Date: four digit year, two digit month, two digit day
(3) TotalTests: daily number of tests
(4) PositiveResults: daily number of positive cases
(5) Death: daily number of death
YearDay	           Date	     TotalTests	 PostiveResults	          Death
    347	       20201212	        1906655	         223365	           2477
    346	       20201211	        2097606	         234810	           2749
    345	       20201210	        1957527	         218510	           3115
    344	       20201209	        1824503	         213456	           3170
    343	       20201208	        1633984	         220887	           2697
    342	       20201207	        1773511	         180819	           1297
    341	       20201206	        1662535	         179619	           1145
    340	       20201205	        2234237	         215393	           2480
    339	       20201204	        1883576	         227975	           2573
    338	       20201203	        1865194	         213364	           2825
    337	       20201202	        1499486	         198665	           2804
    336	       20201201	        1447009	         179217	           2506
    335	       20201130	        1620348	         148475	           1035
    334	       20201129	        1299116	         136090	            823
    333	       20201128	        1739851	         154915	           1251
    332	       20201127	        2132028	         194244	           1392
    331	       20201126	        1220363	         128439	           1387
    330	       20201125	        1776053	         186938	           2280
    329	       20201124	        1853161	         169264	           2106
    328	       20201123	        1771671	         151893	            858
    327	       20201122	        1760811	         151896	            917
    326	       20201121	        2048255	         181859	           1554
    325	       20201120	        1959190	         194810	           1894
    324	       20201119	        1866820	         184672	           2020
    323	       20201118	        1584939	         166167	           1882
    322	       20201117	        1549638	         158799	           1562
    321	       20201116	        1498918	         149528	            609
    320	       20201115	        1633946	         145830	            708
    319	       20201114	        1691373	         165821	           1352
    318	       20201113	        1733088	         174459	           1304
    317	       20201112	        1499987	         154175	           1111
    316	       20201111	        1459232	         146898	           1579
    315	       20201110	        1281395	         132974	           1357
    314	       20201109	        1524777	         117498	            580
    313	       20201108	        1268119	         111499	            501
    312	       20201107	        1439750	         130816	           1132
    311	       20201106	        1594979	         127492	           1186
    310	       20201105	        1598044	         118056	           1155
    309	       20201104	        1257292	         103553	           1126
    308	       20201103	        1162294	          89864	           1525
    307	       20201102	        1337848	          83095	            474
    306	       20201101	        1203030	         141347	            398
    305	       20201031	        1422244	          90613	            970
    304	       20201030	        1388573	          97263	            947
    303	       20201029	        1354648	          88728	           1055
    302	       20201028	        1128640	          78793	           1045
    301	       20201027	        1097470	          72097	            929
    300	       20201026	        1215005	          62535	            399
    299	       20201025	        1197113	          64897	            387
    298	       20201024	        1341535	          83319	            897
    297	       20201023	        1404686	          82342	            941
    296	       20201022	        1255490	          73003	           1126
    295	       20201021	         965947	          60980	           1025
    294	       20201020	         978137	          60569	            830
    293	       20201019	        1142014	          57108	            451
    292	       20201018	        1058711	          48280	            402
    291	       20201017	        1313446	          57355	            777
    290	       20201016	        1252025	          68265	            894
    289	       20201015	        1131020	          63384	            928
    288	       20201014	        1060260	          56237	            798
    287	       20201013	        1074607	          48417	            724
    286	       20201012	        1062196	          42645	            285
    285	       20201011	        1082128	          46268	            469
    284	       20201010	        1265260	          57424	            690
    283	       20201009	        1219105	          56790	            905
    282	       20201008	        1173237	          55204	            988
    281	       20201007	         999154	          50588	            922
    280	       20201006	         932914	          38917	            622
    279	       20201005	         995060	          37756	            330
    278	       20201004	        1033879	          37982	            373
    277	       20201003	        1113384	          50937	            743
    276	       20201002	        1261155	          49253	            844
    275	       20201001	        1021405	          45600	            859
    274	       20200930	         932299	          44346	           1060
    273	       20200929	         940421	          36963	            732
    272	       20200928	        1162943	          35362	            245
    271	       20200927	         906676	          34983	            307
    270	       20200926	        1133407	          47407	            874
    269	       20200925	        1124064	          55186	            849
    268	       20200924	        1053996	          43343	            933
    267	       20200923	        1030983	          38619	           1159
    266	       20200922	         874914	          49475	            859
    265	       20200921	         775017	          39137	            283
    264	       20200920	         977084	          35504	            324
    263	       20200919	        1184703	          44906	            751
    262	       20200918	        1106624	          47250	            901
    261	       20200917	         971030	          43291	            878
    260	       20200916	         835616	          40108	           1184
    259	       20200915	         826702	          34945	           1040
    258	       20200914	         498961	          33577	            405
    257	       20200913	         776011	          34314	            390
    256	       20200912	        1007047	          41865	            821
    255	       20200911	         934382	          44684	           1014
    254	       20200910	         800627	          37304	           1156
    253	       20200909	         721089	          31171	           1092
    252	       20200908	         580749	          22135	            350
    251	       20200907	         666758	          28142	            227
    250	       20200906	         829418	          32920	            448
    249	       20200905	         968778	          44743	            926
    248	       20200904	        1050818	          51511	           1002
    247	       20200903	         892673	          44621	           1071
    246	       20200902	         774234	          30216	           1032
    245	       20200901	         837045	          42419	           1019
    244	       20200831	         737091	          31270	            377
    243	       20200830	         828256	          39285	            474
    242	       20200829	         900041	          43962	           1015
    241	       20200828	         915839	          46121	           1024
    240	       20200827	         878172	          43915	           1128
    239	       20200826	         753763	          43626	           1297
    238	       20200825	         725665	          36587	           1145
    237	       20200824	         724608	          34249	            344
    236	       20200823	         711985	          37324	            574
    235	       20200822	         888920	          45722	           1036
    234	       20200821	         879557	          46195	           1117
    233	       20200820	         826037	          43723	           1122
    232	       20200819	         800112	          44882	           1413
    231	       20200818	         737200	          40491	           1188
    230	       20200817	         736432	          37951	            409
    229	       20200816	         849816	          41782	            618
    228	       20200815	         877262	          55810	           1226
    227	       20200814	         977131	          57093	           1220
    226	       20200813	        1020178	          51621	           1164
    225	       20200812	         560099	          55894	           1513
    224	       20200811	         805675	          55428	           1330
    223	       20200810	         794618	          41743	            430
    222	       20200809	         774970	          50153	            615
    221	       20200808	         746085	          53083	           1084
    220	       20200807	         899958	          60836	           1331
    219	       20200806	         845011	          53803	           1237
    218	       20200805	         792567	          52464	           1355
    217	       20200804	         788525	          51815	           1244
    216	       20200803	         794492	          43122	            517
    215	       20200802	         762718	          52737	            494
    214	       20200801	         831430	          60245	           1198
    213	       20200731	         994993	          67530	           1329
    212	       20200730	         898140	          68805	           1245
    211	       20200729	         915084	          63941	           1497
    210	       20200728	         861714	          58984	           1125
    209	       20200727	         823229	          55013	           1063
    208	       20200726	         898258	          60123	            560
    207	       20200725	         880691	          64376	           1009
    206	       20200724	        1007591	          74854	           1180
    205	       20200723	         921125	          71225	           1074
    204	       20200722	         907413	          69346	           1142
    203	       20200721	         818212	          63625	           1046
    202	       20200720	         763414	          56935	            375
    201	       20200719	         844150	          63715	            527
    200	       20200718	         861505	          64422	            874
    199	       20200717	         919306	          76218	            942
    198	       20200716	         914665	          70449	            940
    197	       20200715	         862770	          69101	            859
    196	       20200714	         815728	          59250	            745
    195	       20200713	         763967	          57603	            330
    194	       20200712	         827309	          60972	            474
    193	       20200711	         769696	          62324	            753
    192	       20200710	         903144	          66824	            835
    191	       20200709	         786324	          58959	            865
    190	       20200708	         725585	          62736	            818
    189	       20200707	         699557	          51742	            910
    188	       20200706	         643035	          41494	            235
    187	       20200705	         678210	          45167	            207
    186	       20200704	         673623	          54144	            300
    185	       20200703	         743913	          53688	            602
    184	       20200702	         725047	          53508	            699
    183	       20200701	         682723	          51001	            696
    182	       20200630	         670742	          47630	            580
    181	       20200629	         683902	          39770	            338
    180	       20200628	         612458	          41332	            273
    179	       20200627	         637469	          42888	            503
    178	       20200626	         761606	          44379	            621
    177	       20200625	         658610	          39681	            647
    176	       20200624	         525879	          39009	            707
    175	       20200623	         658292	          33885	            722
    174	       20200622	         497532	          27179	            289
    173	       20200621	         528099	          28848	            293
    172	       20200620	         594922	          31951	            615
    171	       20200619	         624521	          30959	            649
    170	       20200618	         542900	          27089	            685
    169	       20200617	         531219	          23906	            779
    168	       20200616	         495235	          23268	            718
    167	       20200615	         448106	          18654	            387
    166	       20200614	         484344	          21333	            356
    165	       20200613	         534684	          25245	            693
    164	       20200612	         602144	          23096	            766
    163	       20200611	         485509	          22071	            898
    162	       20200610	         458849	          20727	            888
    161	       20200609	         455634	          17151	            891
    160	       20200608	         411720	          17230	            674
    159	       20200607	         422593	          18818	            446
    158	       20200606	         566025	          22558	            714
    157	       20200605	         589196	          23066	            837
    156	       20200604	         502028	          20383	            881
    155	       20200603	         477333	          20155	            974
    154	       20200602	         443448	          20155	            973
    153	       20200601	         414704	          20362	            680
    152	       20200531	         423904	          21392	            653
    151	       20200530	         447976	          23437	            925
    150	       20200529	         516701	          23588	           1171
    149	       20200528	         469032	          22659	           1238
    148	       20200527	         420063	          19411	           1335
    147	       20200526	         315712	          16978	            665
    146	       20200525	         423707	          18531	            555
    145	       20200524	         360995	          18860	            689
    144	       20200523	         425902	          22365	           1038
    143	       20200522	         413349	          24173	           1291
    142	       20200521	         497331	          26742	           1377
    141	       20200520	         444295	          21259	           1399
    140	       20200519	         402676	          20882	           1318
    139	       20200518	         362697	          20844	            855
    138	       20200517	         353066	          20152	            873
    137	       20200516	         377589	          23586	           1237
    136	       20200515	         403624	          25422	           1535
    135	       20200514	         387919	          26713	           1852
    134	       20200513	         335701	          21628	           1734
    133	       20200512	         329700	          22558	           1506
    132	       20200511	         386281	          18298	            894
    131	       20200510	         271934	          20890	           1032
    130	       20200509	         311220	          25180	           1456
    129	       20200508	         308393	          27159	           1781
    128	       20200507	         318401	          27227	           2752
    127	       20200506	         280131	          25143	           1916
    126	       20200505	         277452	          22510	           2494
    125	       20200504	         237720	          22501	           1028
    124	       20200503	         233929	          25540	           1243
    123	       20200502	         273475	          29034	           1531
    122	       20200501	         285384	          32802	           1808
    121	       20200430	         268669	          29971	           2153
    120	       20200429	         254269	          26226	           2685
    119	       20200428	         215194	          25372	           2077
    118	       20200427	         199734	          22595	           1287
    117	       20200426	         205882	          27058	           1222
    116	       20200425	         276189	          35651	           1627
    115	       20200424	         244006	          34274	           1972
    114	       20200423	         208320	          31970	           1814
    113	       20200422	         342073	          29136	           2082
    112	       20200421	         168370	          26213	           2481
    111	       20200420	         148265	          26105	           1815
    110	       20200419	         151406	          27279	           1763
    109	       20200418	         158427	          27826	           1891
    108	       20200417	         165504	          31982	           2118
    107	       20200416	         177193	          31577	           2197
    106	       20200415	         147969	          29859	           2546
    105	       20200414	         162621	          26078	           2353
    104	       20200413	         130932	          24398	           1630
    103	       20200412	         137974	          28001	           1700
    102	       20200411	         141237	          31105	           2079
    101	       20200410	         158293	          33489	           2072
    100	       20200409	         174533	          35090	           2062
     99	       20200408	         160209	          30918	           1997
     98	       20200407	         158621	          30703	           2044
     97	       20200406	         147464	          28425	           1313
     96	       20200405	         121887	          25634	           1339
     95	       20200404	         230659	          32893	           1481
     94	       20200403	         136731	          31836	           1285
     93	       20200402	         123209	          28042	           1178
     92	       20200401	         114959	          26115	           1004
     91	       20200331	         114585	          25187	            907
     90	       20200330	         114223	          21467	            588
     89	       20200329	          79331	          19448	            504
     88	       20200328	         101474	          19602	            551
     87	       20200327	          95632	          19246	            408
     86	       20200326	         108276	          17731	            316
     85	       20200325	          91278	          12590	            238
     84	       20200324	          73825	          11116	            238
     83	       20200323	          58012	          11441	            101
     82	       20200322	          49667	           9152	            146
     81	       20200321	          51317	           6766	             62
     80	       20200320	          44147	           6128	             70
     79	       20200319	          34098	           4666	             48
     78	       20200318	          28259	           3364	             31
     77	       20200317	          24247	           2249	             24
     76	       20200316	          24383	           1856	             21
     75	       20200315	           9318	           1217	             15
     74	       20200314	           8900	            970	              8
     73	       20200313	           9324	            933	              5
     72	       20200312	           6627	            745	              8
     71	       20200311	           4584	            497	              6
     70	       20200310	           3169	            441	              2
     69	       20200309	           2144	            288	              4
     68	       20200308	           1165	            196	              4
     67	       20200307	            959	            131	              1
     66	       20200306	            954	            131	              6
     65	       20200305	            670	             88	              4
     64	       20200304	           1012	            133	              2
     63	       20200303	            292	             51	              3
     62	       20200302	            212	             44	              3
     61	       20200301	            109	             32	              3
     60	       20200229	             62	             18	              1
     59	       20200228	              3	              0	              2
     58	       20200227	           6446	              0	              0
     57	       20200226	              0	              0	              2
     56	       20200225	              1	              0	              0
     55	       20200224	              2	              0	              0
     54	       20200223	              0	              0	              0
     53	       20200222	              1	              0	              0
     52	       20200221	              1	              0	              0
     51	       20200220	              1	              0	              0
     50	       20200219	              6	              0	              0
     49	       20200218	              0	              0	              0
     48	       20200217	              1	              0	              0
     47	       20200216	              2	              0	              0
     46	       20200215	              4	              0	              0
     45	       20200214	              0	              0	              0
     44	       20200213	              1	              0	              0
     43	       20200212	              1	              0	              0
     42	       20200211	              1	              0	              0
     41	       20200210	              1	              0	              0
     40	       20200209	              0	              0	              0
     39	       20200208	              2	              0	              0
     38	       20200207	              0	              0	              0
     37	       20200206	              1	              0	              0
     36	       20200205	              0	              0	              0
     35	       20200204	              4	              0	              0
     34	       20200203	              3	              0	              0
     33	       20200202	              0	              0	              0
     32	       20200201	              0	              0	              0
     31	       20200131	              3	              0	              0
     30	       20200130	              0	              0	              0
     29	       20200129	              2	              0	              0
     28	       20200128	              0	              0	              0
     27	       20200127	              1	              0	              0
     26	       20200126	              0	              0	              0
     25	       20200125	              0	              0	              0
     24	       20200124	              0	              0	              0
     23	       20200123	              1	              0	              0
     22	       20200122	              0	              0	              0
