0,4.5308
0.002208,4.5357
0.00442,4.5259
0.006628,4.5357
0.00884,4.5308
0.011048,4.5308
0.01326,4.5259
0.015468,4.5259
0.01768,4.5357
0.019888,4.5259
0.0221,4.5308
0.024308,4.5308
0.02652,4.5357
0.028728,4.5357
0.03094,4.5259
0.033148,4.5357
0.03536,4.5308
0.037568,4.5357
0.03978,4.5308
0.041988,4.5357
0.0442,4.5308
0.046408,4.5357
0.04862,4.5308
0.050828,4.5357
0.05304,4.5259
0.055248,4.5308
0.05746,4.5308
0.059668,4.5259
0.06188,4.5308
0.064088,4.5259
0.0663,4.5357
0.068508,4.5308
0.07072,4.5357
0.072928,4.5357
0.07514,4.5357
0.077348,4.5308
0.07956,4.5259
0.081768,4.5308
0.08398,4.5259
0.086188,4.5357
0.0884,4.5308
0.090608,4.5357
0.09282,4.5357
0.095028,4.5259
0.09724,4.5308
0.099448,4.5308
0.10166,4.5357
0.10387,4.5308
0.10608,4.5308
0.10829,4.5259
0.1105,4.5308
0.11271,4.5259
0.11492,4.5357
0.11713,4.5357
0.11934,4.5308
0.12155,4.5308
0.12376,4.5259
0.12597,4.5357
0.12818,4.5308
0.13039,4.5259
0.1326,4.5308
0.1349,4.5259
0.13727,4.5259
0.13965,4.5308
0.14203,4.5308
0.14441,4.5308
0.14679,4.5308
0.14917,4.5308
0.15155,4.5308
0.15393,4.5357
0.15631,4.5308
0.15869,4.5259
0.16107,4.5308
0.16345,4.5357
0.16583,4.5357
0.16821,4.5308
0.17059,4.5308
0.17297,4.5259
0.17535,4.5308
0.17773,4.5357
0.18011,4.5308
0.18249,4.5357
0.18487,4.5357
0.18725,4.5357
0.18963,4.5308
0.19201,4.5357
0.19439,4.5357
0.19677,4.5308
0.19915,4.5357
0.20153,4.5308
0.20391,4.5357
0.20629,4.5357
0.20867,4.5357
0.21105,4.5357
0.21343,4.5308
0.21581,4.5308
0.21819,4.5308
0.22057,4.5308
0.22296,4.5357
0.22533,4.5308
0.22771,4.5259
0.23009,4.5259
0.23247,4.5259
0.23485,4.5308
0.23723,4.5308
0.23961,4.5308
0.24199,4.5308
0.24437,4.5259
0.24675,4.5259
0.24913,4.5308
0.25151,4.5357
0.25389,4.5308
0.25627,4.5357
0.25865,4.5308
0.26103,4.5308
0.26341,4.5259
0.26579,4.5308
0.26817,4.5259
0.27055,4.5259
0.27293,4.5357
0.27531,4.5308
0.27769,4.5308
0.28007,4.5308
0.28245,4.5357
0.28483,4.5308
0.28721,4.5357
0.28959,4.5308
0.29197,4.5308
0.29435,4.5259
0.29673,4.5308
0.29911,4.5308
0.30149,4.5259
0.30387,4.5308
0.30625,4.5308
0.30863,4.5308
0.31102,4.5259
0.31339,4.5308
0.31577,4.5259
0.31815,4.5308
0.32053,4.5259
0.32291,4.5357
0.32529,4.5259
0.32767,4.5259
0.33005,4.5357
0.33243,4.5357
0.33481,4.5308
0.33719,4.5357
0.33957,4.5308
0.34195,4.5308
0.34433,4.5308
0.34671,4.5357
0.34909,4.5308
0.35147,4.5308
0.35385,4.5259
0.35623,4.5308
0.35861,4.5357
0.36099,4.5308
0.36337,4.5259
0.36575,4.5308
0.36813,4.5259
0.37051,4.5259
0.37289,4.5259
0.37527,4.5357
0.37765,4.5357
0.38003,4.5308
0.38241,4.5308
0.38479,4.5308
0.38717,4.5308
0.38955,4.5308
0.39193,4.5308
0.39431,4.5259
0.39669,4.5308
0.39907,4.5259
0.40145,4.521
0.40383,4.5308
0.40621,4.5308
0.40859,4.5308
0.41097,4.5357
0.41335,4.5357
0.41573,4.5259
0.41811,4.5259
0.42049,4.5308
0.42287,4.5308
0.42525,4.5308
0.42763,4.5259
0.43001,4.5308
0.43239,4.5308
0.43477,4.5308
0.43715,4.5308
0.43953,4.5259
0.44191,4.5308
0.44429,4.5308
0.44667,4.5308
0.44905,4.5259
0.45143,4.5308
0.45381,4.5308
0.45619,4.5357
0.45857,4.5308
0.46095,4.5259
0.46333,4.5308
0.46571,4.5308
0.46809,4.5308
0.47047,4.5357
0.47285,4.5308
0.47523,4.5259
0.47761,4.5308
0.47999,4.5259
0.48237,4.5357
0.48475,4.5308
0.48713,4.5308
0.48951,4.5259
0.49189,4.5308
0.49427,4.5308
0.49665,4.5308
0.49903,4.5357
0.50141,4.5308
0.50379,4.5308
0.50617,4.5308
0.50855,4.5259
0.51093,4.5259
0.51331,4.5308
0.51569,4.5308
0.51807,4.5308
0.52045,4.5357
0.52283,4.5259
0.52521,4.5308
0.52759,4.5308
0.52997,4.5357
0.53235,4.5308
0.53473,4.5357
0.53711,4.5308
0.53949,4.5357
0.54187,4.5308
0.54425,4.5357
0.54663,4.5357
0.54901,4.5357
0.55139,4.5308
0.55377,4.5259
0.55615,4.5357
0.55853,4.5308
0.56091,4.5259
0.56329,4.5308
0.56567,4.5308
0.56806,4.5259
0.57043,4.5357
0.57281,4.5259
0.57519,4.5308
0.57757,4.5308
0.57995,4.5259
0.58233,4.5308
0.58471,4.5259
0.58709,4.5308
0.58947,4.5308
0.59185,4.5357
0.59423,4.5308
0.59661,4.5308
0.59899,4.5308
0.60137,4.5259
0.60375,4.5259
0.60613,4.5308
0.60851,4.5259
0.61089,4.5357
0.61327,4.5308
0.61565,4.5308
0.61803,4.5308
0.62041,4.5308
0.62279,4.5308
0.62517,4.5259
0.62755,4.5308
0.62993,4.5308
0.63231,4.5308
0.63469,4.5357
0.63707,4.5259
0.63945,4.5308
0.64183,4.5308
0.64421,4.5308
0.64659,4.5308
0.64897,4.5259
0.65135,4.5308
0.65373,4.5308
0.65612,4.5308
0.65849,4.5357
0.66087,4.5308
0.66325,4.5308
0.66563,4.5259
0.66801,4.5259
0.67039,4.5357
0.67277,4.5357
0.67515,4.5259
0.67753,4.5308
0.67991,4.5308
0.68229,4.5259
0.68467,4.5308
0.68705,4.5308
0.68943,4.5259
0.69181,4.5308
0.69419,4.5308
0.69657,4.5308
0.69895,4.5259
0.70133,4.5259
0.70371,4.5308
0.70609,4.5308
0.70847,4.5308
0.71085,4.5357
0.71323,4.5259
0.71561,4.5357
0.71799,4.5357
0.72037,4.5308
0.72275,4.5357
0.72513,4.5357
0.72751,4.5357
0.72989,4.5308
0.73227,4.5357
0.73465,4.5308
0.73703,4.5259
0.73941,4.5308
0.74179,4.5357
0.74418,4.5308
0.74655,4.5357
0.74893,4.5259
0.75131,4.5308
0.75369,4.5308
0.75607,4.5259
0.75845,4.5308
0.76083,4.5259
0.76321,4.5357
0.76559,4.5308
0.76797,4.5308
0.77035,4.5308
0.77273,4.5357
0.77511,4.5308
0.77749,4.5357
0.77987,4.5357
0.78225,4.5308
0.78463,4.5308
0.78701,4.5357
0.78939,4.5308
0.79177,4.5259
0.79415,4.5308
0.79653,4.5357
0.79891,4.5357
0.80129,4.5259
0.80367,4.5308
0.80605,4.5357
0.80843,4.5308
0.81081,4.5259
0.81319,4.5308
0.81557,4.5357
0.81795,4.5357
0.82033,4.5357
0.82271,4.5308
0.82509,4.5308
0.82747,4.5259
0.82985,4.5308
0.83224,4.5357
0.83461,4.5259
0.83699,4.5357
0.83937,4.5308
0.84175,4.5357
0.84413,4.5308
0.84651,4.5308
0.84889,4.5308
0.85127,4.5259
0.85365,4.5308
0.85603,4.5308
0.85841,4.5259
0.86079,4.5259
0.86317,4.5259
0.86555,4.5357
0.86793,4.5259
0.87031,4.5308
0.87269,4.5259
0.87507,4.5308
0.87745,4.5308
0.87983,4.5259
0.88221,4.521
0.88459,4.5308
0.88697,4.5259
0.88935,4.5259
0.89173,4.5308
0.89411,4.5259
0.89649,4.5308
0.89887,4.5357
0.90125,4.5357
0.90363,4.5308
0.90601,4.5308
0.90839,4.5308
0.91077,4.5357
0.91315,4.5308
0.91553,4.5308
0.91791,4.5308
0.9203,4.5308
0.92267,4.5308
0.92505,4.5357
0.92743,4.5259
0.92981,4.5259
0.93219,4.5308
0.93457,4.5308
0.93695,4.5259
0.93933,4.5308
0.94171,4.5308
0.94409,4.5308
0.94647,4.5357
0.94885,4.5357
0.95123,4.5357
0.95361,4.5259
0.95599,4.5308
0.95837,4.5357
0.96075,4.5308
0.96313,4.5308
0.96551,4.5308
0.96789,4.5308
0.97027,4.5308
0.97265,4.5308
0.97503,4.5308
0.97741,4.5259
0.97979,4.5259
0.98217,4.5259
0.98455,4.5357
0.98693,4.5308
0.98931,4.5357
0.99169,4.5308
0.99407,4.5357
0.99645,4.5308
0.99883,4.5308
1.0012,4.5357
1.0036,4.5308
1.006,4.5308
1.0084,4.5308
1.0107,4.5308
1.0131,4.5308
1.0155,4.5308
1.0179,4.5308
1.0203,4.5308
1.0226,4.5308
1.025,4.5308
1.0274,4.5259
1.0298,4.5308
1.0322,4.5308
1.0345,4.5357
1.0369,4.5308
1.0393,4.5308
1.0417,4.5357
1.0441,4.5308
1.0464,4.5308
1.0488,4.5259
1.0512,4.5259
1.0536,4.5259
1.056,4.5308
1.0583,4.5308
1.0607,4.5357
1.0631,4.5357
1.0655,4.5259
1.0679,4.5308
1.0702,4.5308
1.0726,4.5308
1.075,4.5357
1.0774,4.5308
1.0798,4.5308
1.0821,4.5357
1.0845,4.5357
1.0869,4.5308
1.0893,4.5308
1.0917,4.5259
1.094,4.5357
1.0964,4.5259
1.0988,4.5357
1.1012,4.5308
1.1036,4.5308
1.1059,4.5259
1.1083,4.5357
1.1107,4.5308
1.1131,4.5308
1.1155,4.5259
1.1178,4.5308
1.1202,4.5308
1.1226,4.5308
1.125,4.5308
1.1274,4.5259
1.1297,4.5259
1.1321,4.5308
1.1345,4.5308
1.1369,4.5308
1.1393,4.5308
1.1416,4.5259
1.144,4.5308
1.1464,4.5259
1.1488,4.5357
1.1512,4.5308
1.1535,4.5259
1.1559,4.5308
1.1583,4.5308
1.1607,4.5308
1.1631,4.5308
1.1654,4.5308
1.1678,4.5308
1.1702,4.5308
1.1726,4.5308
1.175,4.5308
1.1773,4.5308
1.1797,4.5308
1.1821,4.5308
1.1845,4.5308
1.1869,4.5259
1.1892,4.5308
1.1916,4.5357
1.194,4.5357
1.1964,4.5308
1.1988,4.521
1.2011,4.5308
1.2035,4.5357
1.2059,4.5308
1.2083,4.5308
1.2107,4.5357
1.213,4.5308
1.2154,4.5308
1.2178,4.5308
1.2202,4.5308
1.2226,4.5357
1.2249,4.5259
1.2273,4.5259
1.2297,4.5308
1.2321,4.5308
1.2345,4.5308
1.2368,4.5357
1.2392,4.5259
1.2416,4.5357
1.244,4.5259
1.2464,4.5308
1.2487,4.5308
1.2511,4.5308
1.2535,4.5259
1.2559,4.5308
1.2583,4.5308
1.2606,4.5357
1.263,4.5357
1.2654,4.5308
1.2678,4.5308
1.2702,4.5259
1.2725,4.5308
1.2749,4.5308
1.2773,4.5308
1.2797,4.5259
1.2821,4.5357
1.2844,4.5259
1.2868,4.5308
1.2892,4.5259
1.2916,4.5308
1.294,4.5259
1.2963,4.5308
1.2987,4.5308
1.3011,4.5308
1.3035,4.5308
1.3059,4.5308
1.3082,4.5259
1.3106,4.5308
1.313,4.5308
1.3154,4.5308
1.3178,4.5357
1.3201,4.5357
1.3225,4.5259
1.3249,4.5308
1.3273,4.5259
1.3297,4.5308
1.332,4.5259
1.3344,4.5357
1.3368,4.5308
1.3392,4.5259
1.3416,4.5308
1.3439,4.5308
1.3463,4.5308
1.3487,4.5357
1.3511,4.5357
1.3535,4.5308
1.3558,4.5357
1.3582,4.5308
1.3606,4.5259
1.363,4.5308
1.3654,4.5357
1.3677,4.5308
1.3701,4.5357
1.3725,4.5308
1.3749,4.5357
1.3773,4.5308
1.3796,4.5357
1.382,4.5259
1.3844,4.5308
1.3868,4.5308
1.3892,4.5357
1.3915,4.5259
1.3939,4.5308
1.3963,4.5308
1.3987,4.5357
1.4011,4.5259
1.4034,4.5308
1.4058,4.5015
1.4082,4.5308
1.4106,4.5161
1.413,4.4966
1.4153,4.521
1.4177,4.5259
1.4201,4.5259
1.4225,4.5308
1.4249,4.5308
1.4272,4.5357
1.4296,4.5259
1.432,4.5308
1.4344,4.5357
1.4368,4.5259
1.4391,4.5308
1.4415,4.5308
1.4439,4.5357
1.4463,4.5259
1.4487,4.5259
1.451,4.5308
1.4534,4.5308
1.4558,4.5308
1.4582,4.5357
1.4606,4.5308
1.4629,4.5308
1.4653,4.5308
1.4677,4.5308
1.4701,4.5357
1.4725,4.5308
1.4748,4.5259
1.4772,4.5308
1.4796,4.5357
1.482,4.5308
1.4844,4.5308
1.4867,4.5357
1.4891,4.5357
1.4915,4.5357
1.4939,4.5259
1.4963,4.5308
1.4986,4.5259
1.501,4.5308
1.5034,4.5259
1.5058,4.5308
1.5082,4.5357
1.5105,4.5308
1.5129,4.5308
1.5153,4.5308
1.5177,4.5308
1.5201,4.5308
1.5224,4.5308
1.5248,4.5259
1.5272,4.5357
1.5296,4.5308
1.532,4.5308
1.5343,4.5357
1.5367,4.5308
1.5391,4.5308
1.5415,4.5357
1.5439,4.5308
1.5462,4.5308
1.5486,4.5357
1.551,4.5357
1.5534,4.5357
1.5558,4.5308
1.5581,4.5357
1.5605,4.5308
1.5629,4.5357
1.5653,4.5308
1.5677,4.5259
1.57,4.5259
1.5724,4.5259
1.5748,4.5308
1.5772,4.5357
1.5796,4.5357
1.5819,4.5308
1.5843,4.5357
1.5867,4.5357
1.5891,4.5308
1.5915,4.5357
1.5938,4.5308
1.5962,4.5357
1.5986,4.5357
1.601,4.5308
1.6034,4.5357
1.6057,4.5259
1.6081,4.5357
1.6105,4.5308
1.6129,4.5308
1.6153,4.5308
1.6176,4.5357
1.62,4.5259
1.6224,4.5259
1.6248,4.5308
1.6272,4.5308
1.6295,4.5259
1.6319,4.5308
1.6343,4.5308
1.6367,4.5308
1.6391,4.5357
1.6414,4.5308
1.6438,4.5308
1.6462,4.5308
1.6486,4.5259
1.651,4.5308
1.6533,4.5308
1.6557,4.5357
1.6581,4.5308
1.6605,4.5308
1.6629,4.5308
1.6652,4.5308
1.6676,4.5308
1.67,4.5308
1.6724,4.5308
1.6748,4.5259
1.6771,4.5259
1.6795,4.5308
1.6819,4.5308
1.6843,4.5357
1.6867,4.5357
1.689,4.5308
1.6914,4.5308
1.6938,4.5357
1.6962,4.5308
1.6986,4.5259
1.7009,4.5308
1.7033,4.5357
1.7057,4.5357
1.7081,4.5357
1.7105,4.5357
1.7128,4.5308
1.7152,4.5308
1.7176,4.5308
1.72,4.5308
1.7224,4.5308
1.7247,4.5357
1.7271,4.5308
1.7295,4.5308
1.7319,4.5308
1.7343,4.5308
1.7366,4.5259
1.739,4.5308
1.7414,4.5259
1.7438,4.5259
1.7462,4.5308
1.7485,4.5308
1.7509,4.5308
1.7533,4.521
1.7557,4.5259
1.7581,4.5308
1.7604,4.5308
1.7628,4.5308
1.7652,4.5308
1.7676,4.5259
1.77,4.521
1.7723,4.5308
1.7747,4.5308
1.7771,4.5308
1.7795,4.5259
1.7819,4.5259
1.7842,4.5308
1.7866,4.5259
1.789,4.5308
1.7914,4.5308
1.7938,4.5308
1.7961,4.5259
1.7985,4.5357
1.8009,4.5308
1.8033,4.5308
1.8057,4.5259
1.808,4.5308
1.8104,4.5308
1.8128,4.5308
1.8152,4.5308
1.8176,4.5308
1.8199,4.5259
1.8223,4.5259
1.8247,4.5308
1.8271,4.5308
1.8295,4.5259
1.8318,4.5259
1.8342,4.5308
1.8366,4.5308
1.839,4.5259
1.8414,4.5308
1.8437,4.5308
1.8461,4.5259
1.8485,4.5308
1.8509,4.5308
1.8533,4.5308
1.8556,4.5308
1.858,4.5308
1.8604,4.5308
1.8628,4.5357
1.8652,4.5308
1.8675,4.5308
1.8699,4.5357
1.8723,4.5259
1.8747,4.5308
1.8771,4.5357
1.8794,4.5259
1.8818,4.5308
1.8842,4.5308
1.8866,4.5308
1.889,4.5357
1.8913,4.5308
1.8937,4.5357
1.8961,4.5308
1.8985,4.5308
1.9009,4.5308
1.9032,4.5259
1.9056,4.5308
1.908,4.5259
1.9104,4.5357
1.9128,4.5308
1.9151,4.5308
1.9175,4.5308
1.9199,4.5259
1.9223,4.5308
1.9247,4.5308
1.927,4.5308
1.9294,4.5357
1.9318,4.5308
1.9342,4.5308
1.9366,4.5308
1.9389,4.5357
1.9413,4.5308
1.9437,4.5357
1.9461,4.5259
1.9485,4.5308
1.9508,4.5259
1.9532,4.5259
1.9556,4.5308
1.958,4.5357
1.9604,4.5259
1.9627,4.5308
1.9651,4.5308
1.9675,4.5308
1.9699,4.5357
1.9723,4.5357
1.9746,4.5308
1.977,4.5308
1.9794,4.5308
1.9818,4.5308
1.9842,4.5308
1.9865,4.5308
1.9889,4.5259
1.9913,4.5308
1.9937,4.5308
1.9961,4.5308
1.9984,4.5357
2.0008,4.5308
2.0032,4.5259
2.0056,4.5308
2.008,4.5308
2.0103,4.5308
2.0127,4.5357
2.0151,4.5259
2.0175,4.5308
2.0199,4.5308
2.0222,4.5357
2.0246,4.5308
2.027,4.5308
2.0294,4.5308
2.0318,4.5308
2.0341,4.5308
2.0365,4.5308
2.0389,4.5357
2.0413,4.5357
2.0437,4.5308
2.046,4.5357
2.0484,4.5308
2.0508,4.5308
2.0532,4.5308
2.0556,4.5308
2.0579,4.5308
2.0603,4.5259
2.0627,4.5357
2.0651,4.5259
2.0675,4.5259
2.0698,4.5308
2.0722,4.5357
2.0746,4.5259
2.077,4.5308
2.0794,4.5357
2.0817,4.5308
2.0841,4.5308
2.0865,4.5357
2.0889,4.5357
2.0913,4.5308
2.0936,4.5357
2.096,4.5308
2.0984,4.5357
2.1008,4.5308
2.1032,4.5259
2.1055,4.5357
2.1079,4.5357
2.1103,4.5308
2.1127,4.5357
2.1151,4.5308
2.1174,4.5357
2.1198,4.5308
2.1222,4.5357
2.1246,4.5259
2.127,4.5357
2.1293,4.5308
2.1317,4.5308
2.1341,4.5308
2.1365,4.5308
2.1389,4.5357
2.1412,4.5308
2.1436,4.5308
2.146,4.5308
2.1484,4.5357
2.1508,4.5357
2.1531,4.5357
2.1555,4.5357
2.1579,4.5357
2.1603,4.5308
2.1627,4.5308
2.165,4.5357
2.1674,4.5308
2.1698,4.5357
2.1722,4.5357
2.1746,4.5308
2.1769,4.5357
2.1793,4.5406
2.1817,4.5308
2.1841,4.5308
2.1865,4.5308
2.1888,4.5308
2.1912,4.5308
2.1936,4.5308
2.196,4.5357
2.1984,4.5406
2.2007,4.5357
2.2031,4.5308
2.2055,4.5357
2.2079,4.5357
2.2103,4.5308
2.2126,4.5357
2.215,4.5308
2.2174,4.5308
2.2198,4.5357
2.2222,4.5406
2.2245,4.5357
2.2269,4.5357
2.2293,4.5357
2.2317,4.5357
2.2341,4.5357
2.2364,4.5357
2.2388,4.5357
2.2412,4.5357
2.2436,4.5357
2.246,4.5308
2.2483,4.5357
2.2507,4.5406
2.2531,4.5308
2.2555,4.5357
2.2579,4.5357
2.2602,4.5357
2.2626,4.5357
2.265,4.5357
2.2674,4.5357
2.2698,4.5357
2.2721,4.5357
2.2745,4.5308
2.2769,4.5357
2.2793,4.5406
2.2817,4.5357
2.284,4.5406
2.2864,4.5406
2.2888,4.5357
2.2912,4.5406
2.2936,4.5357
2.2959,4.5357
2.2983,4.5406
2.3007,4.5357
2.3031,4.5406
2.3055,4.5406
2.3078,4.5357
2.3102,4.5455
2.3126,4.5406
2.315,4.5406
2.3174,4.5406
2.3197,4.5357
2.3221,4.5406
2.3245,4.5406
2.3269,4.5455
2.3293,4.5406
2.3316,4.5406
2.334,4.5406
2.3364,4.5406
2.3388,4.5357
2.3412,4.5406
2.3435,4.5455
2.3459,4.5406
2.3483,4.5406
2.3507,4.5455
2.3531,4.5406
2.3554,4.5406
2.3578,4.5406
2.3602,4.5455
2.3626,4.5406
2.365,4.5455
2.3673,4.5406
2.3697,4.5406
2.3721,4.5406
2.3745,4.5406
2.3769,4.5455
2.3792,4.5406
2.3816,4.5455
2.384,4.5455
2.3864,4.5455
2.3888,4.5406
2.3911,4.5406
2.3935,4.5455
2.3959,4.5455
2.3983,4.5503
2.4007,4.5455
2.403,4.5455
2.4054,4.5406
2.4078,4.5455
2.4102,4.5455
2.4126,4.5455
2.4149,4.5455
2.4173,4.5503
2.4197,4.5406
2.4221,4.5503
2.4245,4.5455
2.4268,4.5455
2.4292,4.5552
2.4316,4.5503
2.434,4.5406
2.4364,4.5503
2.4387,4.5503
2.4411,4.5503
2.4435,4.5552
2.4459,4.5455
2.4483,4.5503
2.4506,4.5455
2.453,4.5503
2.4554,4.5503
2.4578,4.5503
2.4602,4.5455
2.4625,4.5406
2.4649,4.5503
2.4673,4.5406
2.4697,4.5455
2.4721,4.5455
2.4744,4.5552
2.4768,4.5455
2.4792,4.5455
2.4816,4.5503
2.484,4.5455
2.4863,4.5455
2.4887,4.5552
2.4911,4.5455
2.4935,4.5503
2.4959,4.5455
2.4982,4.5503
2.5006,4.5503
2.503,4.5455
2.5054,4.5503
2.5078,4.5503
2.5101,4.5455
2.5125,4.5455
2.5149,4.5503
2.5173,4.5503
2.5197,4.5503
2.522,4.5503
2.5244,4.5455
2.5268,4.5503
2.5292,4.5503
2.5316,4.5503
2.5339,4.5503
2.5363,4.5455
2.5387,4.5503
2.5411,4.5503
2.5435,4.5503
2.5458,4.5503
2.5482,4.5455
2.5506,4.5503
2.553,4.5503
2.5554,4.5455
2.5577,4.5503
2.5601,4.5503
2.5625,4.5455
2.5649,4.5455
2.5673,4.5503
2.5696,4.5455
2.572,4.5455
2.5744,4.5503
2.5768,4.5552
2.5792,4.5455
2.5815,4.5503
2.5839,4.5455
2.5863,4.5455
2.5887,4.5503
2.5911,4.5503
2.5934,4.5503
2.5958,4.5503
2.5982,4.5552
2.6006,4.5503
2.603,4.5503
2.6053,4.5552
2.6077,4.5455
2.6101,4.5552
2.6125,4.5503
2.6149,4.5503
2.6172,4.5503
2.6196,4.5503
2.622,4.5503
2.6244,4.5552
2.6268,4.5503
2.6291,4.5503
2.6315,4.5503
2.6339,4.5503
2.6363,4.5552
2.6387,4.5552
2.641,4.5552
2.6434,4.5503
2.6458,4.5552
2.6482,4.5503
2.6506,4.5503
2.6529,4.5552
2.6553,4.5503
2.6577,4.5552
2.6601,4.5552
2.6625,4.5503
2.6648,4.5552
2.6672,4.5552
2.6696,4.5503
2.672,4.5552
2.6744,4.5601
2.6767,4.5552
2.6791,4.5552
2.6815,4.5552
2.6839,4.5601
2.6863,4.5601
2.6886,4.5552
2.691,4.5601
2.6934,4.5552
2.6958,4.5601
2.6982,4.5552
2.7005,4.5601
2.7029,4.5601
2.7053,4.5601
2.7077,4.565
2.7101,4.5601
2.7124,4.5552
2.7148,4.5601
2.7172,4.565
2.7196,4.5601
2.722,4.565
2.7243,4.5601
2.7267,4.565
2.7291,4.5552
2.7315,4.5601
2.7339,4.5601
2.7362,4.5601
2.7386,4.565
2.741,4.565
2.7434,4.565
2.7458,4.565
2.7481,4.5601
2.7505,4.565
2.7529,4.5699
2.7553,4.565
2.7577,4.565
2.76,4.5601
2.7624,4.565
2.7648,4.5699
2.7672,4.5601
2.7696,4.565
2.7719,4.565
2.7743,4.565
2.7767,4.5699
2.7791,4.565
2.7815,4.565
2.7838,4.565
2.7862,4.565
2.7886,4.565
2.791,4.565
2.7934,4.565
2.7957,4.565
2.7981,4.565
2.8005,4.565
2.8029,4.5601
2.8053,4.5699
2.8076,4.565
2.81,4.5699
2.8124,4.5601
2.8148,4.5601
2.8172,4.565
2.8195,4.565
2.8219,4.565
2.8243,4.565
2.8267,4.5699
2.8291,4.565
2.8314,4.565
2.8338,4.5699
2.8362,4.5699
2.8386,4.5699
2.841,4.5699
2.8433,4.5748
2.8457,4.5699
2.8481,4.565
2.8505,4.565
2.8529,4.5699
2.8552,4.565
2.8576,4.5601
2.86,4.5699
2.8624,4.565
2.8648,4.5699
2.8671,4.5699
2.8695,4.5699
2.8719,4.5699
2.8743,4.5699
2.8767,4.565
2.879,4.5699
2.8814,4.5699
2.8838,4.5699
2.8862,4.565
2.8886,4.5748
2.8909,4.5699
2.8933,4.565
2.8957,4.5699
2.8981,4.5699
2.9005,4.565
2.9028,4.5699
2.9052,4.565
2.9076,4.5699
2.91,4.5748
2.9124,4.5699
2.9147,4.5748
2.9171,4.5699
2.9195,4.5748
2.9219,4.5699
2.9243,4.565
2.9266,4.5748
2.929,4.5699
2.9314,4.5748
2.9338,4.5699
2.9362,4.5699
2.9385,4.5748
2.9409,4.5748
2.9433,4.5699
2.9457,4.5699
2.9481,4.5699
2.9504,4.5699
2.9528,4.5699
2.9552,4.5748
2.9576,4.5748
2.96,4.5748
2.9623,4.5699
2.9647,4.5699
2.9671,4.5699
2.9695,4.5748
2.9719,4.5748
2.9742,4.5699
2.9766,4.5748
2.979,4.5699
2.9814,4.5699
2.9838,4.5797
2.9861,4.5699
2.9885,4.565
2.9909,4.5748
2.9933,4.5748
2.9957,4.5748
2.998,4.5797
3.0004,4.5699
3.0028,4.5699
3.0052,4.565
3.0076,4.5748
3.0099,4.5748
3.0123,4.5748
3.0147,4.5748
3.0171,4.5748
3.0195,4.5748
3.0218,4.5748
3.0242,4.5748
3.0266,4.5699
3.029,4.5748
3.0314,4.5748
3.0337,4.5748
3.0361,4.5748
3.0385,4.5748
3.0409,4.5748
3.0433,4.5748
3.0456,4.5748
3.048,4.5748
3.0504,4.5748
3.0528,4.5748
3.0552,4.5748
3.0575,4.5748
3.0599,4.5797
3.0623,4.5748
3.0647,4.5748
3.0671,4.5748
3.0694,4.5748
3.0718,4.5748
3.0742,4.5748
3.0766,4.5748
3.079,4.5748
3.0813,4.5699
3.0837,4.5748
3.0861,4.5797
3.0885,4.5748
3.0909,4.5748
3.0932,4.5748
3.0956,4.5797
3.098,4.5748
3.1004,4.5748
3.1028,4.5699
3.1051,4.5748
3.1075,4.5797
3.1099,4.5748
3.1123,4.5797
3.1147,4.5797
3.117,4.5748
3.1194,4.5699
3.1218,4.5748
3.1242,4.5699
3.1266,4.5846
3.1289,4.5797
3.1313,4.5797
3.1337,4.5797
3.1361,4.5748
3.1385,4.5748
3.1408,4.5797
3.1432,4.5797
3.1456,4.5699
3.148,4.5797
3.1504,4.5797
3.1527,4.5748
3.1551,4.5748
3.1575,4.5797
3.1599,4.5748
3.1623,4.5797
3.1646,4.5797
3.167,4.5748
3.1694,4.5748
3.1718,4.5797
3.1742,4.5748
3.1765,4.5748
3.1789,4.5797
3.1813,4.5797
3.1837,4.5797
3.1861,4.5748
3.1884,4.5797
3.1908,4.5748
3.1932,4.5797
3.1956,4.5797
3.198,4.5748
3.2003,4.5797
3.2027,4.5748
3.2051,4.5797
3.2075,4.5748
3.2099,4.5846
3.2122,4.5748
3.2146,4.5797
3.217,4.5748
3.2194,4.5797
3.2218,4.5797
3.2241,4.5699
3.2265,4.5797
3.2289,4.5797
3.2313,4.5846
3.2337,4.5797
3.236,4.5797
3.2384,4.5748
3.2408,4.5748
3.2432,4.5699
3.2456,4.5748
3.2479,4.5699
3.2503,4.5748
3.2527,4.5748
3.2551,4.5748
3.2575,4.5748
3.2598,4.5748
3.2622,4.5748
3.2646,4.5797
3.267,4.5797
3.2694,4.5797
3.2717,4.5748
3.2741,4.5699
3.2765,4.5748
3.2789,4.5797
3.2813,4.5699
3.2836,4.5748
3.286,4.5748
3.2884,4.5748
3.2908,4.5797
3.2932,4.5748
3.2955,4.5748
3.2979,4.5748
3.3003,4.5699
3.3027,4.5748
3.3051,4.5797
3.3074,4.5748
3.3098,4.5748
3.3122,4.5748
3.3146,4.5748
3.317,4.5748
3.3193,4.5748
3.3217,4.5748
3.3241,4.5748
3.3265,4.5748
3.3289,4.5748
3.3312,4.5748
3.3336,4.5748
3.336,4.5797
3.3384,4.5797
3.3408,4.5748
3.3431,4.5748
3.3455,4.5748
3.3479,4.5748
3.3503,4.5748
3.3527,4.5699
3.355,4.5748
3.3574,4.5748
3.3598,4.5797
3.3622,4.5748
3.3646,4.5797
3.3669,4.5748
3.3693,4.5748
3.3717,4.5797
3.3741,4.5797
3.3765,4.5748
3.3788,4.5748
3.3812,4.5797
3.3836,4.5748
3.386,4.5748
3.3884,4.5748
3.3907,4.5748
3.3931,4.5748
3.3955,4.5797
3.3979,4.5797
3.4003,4.5748
3.4026,4.5748
3.405,4.5748
3.4074,4.5797
3.4098,4.5748
3.4122,4.5797
3.4145,4.5748
3.4169,4.5797
3.4193,4.5797
3.4217,4.5748
3.4241,4.5797
3.4264,4.5797
3.4288,4.5748
3.4312,4.5748
3.4336,4.5748
3.436,4.5748
3.4383,4.5797
3.4407,4.5748
3.4431,4.5748
3.4455,4.5748
3.4479,4.5748
3.4502,4.5748
3.4526,4.5797
3.455,4.5797
3.4574,4.5748
3.4598,4.5748
3.4621,4.5797
3.4645,4.5748
3.4669,4.5797
3.4693,4.5748
3.4717,4.5748
3.474,4.5748
3.4764,4.5797
3.4788,4.5748
3.4812,4.5748
3.4836,4.5797
3.4859,4.5797
3.4883,4.5797
3.4907,4.5699
3.4931,4.5748
3.4955,4.5748
3.4978,4.5748
3.5002,4.5748
3.5026,4.5748
3.505,4.5748
3.5074,4.5797
3.5097,4.5797
3.5121,4.5748
3.5145,4.5748
3.5169,4.5797
3.5193,4.5748
3.5216,4.5748
3.524,4.5748
3.5264,4.5748
3.5288,4.5748
3.5312,4.5699
3.5335,4.5748
3.5359,4.5748
3.5383,4.5748
3.5407,4.5748
3.5431,4.5797
3.5454,4.5797
3.5478,4.5797
3.5502,4.5748
3.5526,4.5797
3.555,4.5748
3.5573,4.5797
3.5597,4.5748
3.5621,4.5699
3.5645,4.5748
3.5669,4.5797
3.5692,4.5797
3.5716,4.5748
3.574,4.5748
3.5764,4.5748
3.5788,4.5748
3.5811,4.5797
3.5835,4.5748
3.5859,4.5748
3.5883,4.5748
3.5907,4.5797
3.593,4.5748
3.5954,4.5846
3.5978,4.5748
3.6002,4.5748
3.6026,4.5748
3.6049,4.5748
3.6073,4.5748
3.6097,4.5748
3.6121,4.5797
3.6145,4.5748
3.6168,4.5748
3.6192,4.5797
3.6216,4.5748
3.624,4.5748
3.6264,4.5748
3.6287,4.5797
3.6311,4.5748
3.6335,4.5748
3.6359,4.5797
3.6383,4.5748
3.6406,4.5748
3.643,4.5748
3.6454,4.5748
3.6478,4.5797
3.6502,4.5797
3.6525,4.5748
3.6549,4.5748
3.6573,4.5748
3.6597,4.5797
3.6621,4.5748
3.6644,4.5748
3.6668,4.5699
3.6692,4.5748
3.6716,4.5748
3.674,4.5748
3.6763,4.5699
3.6787,4.5748
3.6811,4.5748
3.6835,4.5699
3.6859,4.5797
3.6882,4.5748
3.6906,4.5797
3.693,4.5748
3.6954,4.5797
3.6978,4.5797
3.7001,4.5748
3.7025,4.5748
3.7049,4.5748
3.7073,4.5748
3.7097,4.5797
3.712,4.5797
3.7144,4.5748
3.7168,4.5748
3.7192,4.5797
3.7216,4.5748
3.7239,4.5748
3.7263,4.5797
3.7287,4.5797
3.7311,4.5699
3.7335,4.5797
3.7358,4.5748
3.7382,4.5748
3.7406,4.5748
3.743,4.5748
3.7454,4.5699
3.7477,4.5797
3.7501,4.5797
3.7525,4.5748
3.7549,4.5797
3.7573,4.5748
3.7596,4.5797
3.762,4.5797
3.7644,4.5797
3.7668,4.5797
3.7692,4.5748
3.7715,4.5748
3.7739,4.5748
3.7763,4.5748
3.7787,4.5748
3.7811,4.5748
3.7834,4.5748
3.7858,4.5699
3.7882,4.5699
3.7906,4.5748
3.793,4.5748
3.7953,4.5699
3.7977,4.5797
3.8001,4.5748
3.8025,4.5748
3.8049,4.5797
3.8072,4.5797
3.8096,4.5748
3.812,4.5748
3.8144,4.5748
3.8168,4.5797
3.8191,4.5797
3.8215,4.5797
3.8239,4.5797
3.8263,4.5748
3.8287,4.5797
3.831,4.5748
3.8334,4.5797
3.8358,4.5748
3.8382,4.5797
3.8406,4.5748
3.8429,4.5748
3.8453,4.5748
3.8477,4.5797
3.8501,4.5846
3.8525,4.5748
3.8548,4.5748
3.8572,4.5748
3.8596,4.5699
3.862,4.5748
3.8644,4.5797
3.8667,4.5748
3.8691,4.5797
3.8715,4.5797
3.8739,4.5748
3.8763,4.5797
3.8786,4.5797
3.881,4.5699
3.8834,4.5748
3.8858,4.5748
3.8882,4.5797
3.8905,4.5797
3.8929,4.5797
3.8953,4.5797
3.8977,4.5797
3.9001,4.5797
3.9024,4.5797
3.9048,4.5846
3.9072,4.5797
3.9096,4.5699
3.912,4.5748
3.9143,4.5748
3.9167,4.5797
3.9191,4.5797
3.9215,4.5797
3.9239,4.5748
3.9262,4.5797
3.9286,4.5797
3.931,4.5748
3.9334,4.5797
3.9358,4.5748
3.9381,4.5748
3.9405,4.5748
3.9429,4.5797
3.9453,4.5797
3.9477,4.5797
3.95,4.5797
3.9524,4.5797
3.9548,4.5797
3.9572,4.5748
3.9596,4.5846
3.9619,4.5797
3.9643,4.5748
3.9667,4.5797
3.9691,4.5797
3.9715,4.5699
3.9738,4.5748
3.9762,4.5748
3.9786,4.5748
3.981,4.5748
3.9834,4.5748
3.9857,4.5748
3.9881,4.5748
3.9905,4.5748
3.9929,4.5797
3.9953,4.5797
3.9976,4.5797
4,4.5797
4.0024,4.5846
4.0048,4.5797
4.0072,4.5797
4.0095,4.5797
4.0119,4.5797
4.0143,4.5748
4.0167,4.5797
4.0191,4.5797
4.0214,4.5846
4.0238,4.5797
4.0262,4.5797
4.0286,4.5797
4.031,4.5748
4.0333,4.5748
4.0357,4.5748
4.0381,4.5797
4.0405,4.5748
4.0429,4.5797
4.0452,4.5748
4.0476,4.5748
4.05,4.5748
4.0524,4.5846
4.0548,4.5797
4.0571,4.5797
4.0595,4.5894
4.0619,4.5846
4.0643,4.5797
4.0667,4.5797
4.069,4.5846
4.0714,4.5846
4.0738,4.5846
4.0762,4.5846
4.0786,4.5797
4.0809,4.5846
4.0833,4.5846
4.0857,4.5846
4.0881,4.5894
4.0905,4.5797
4.0928,4.5846
4.0952,4.5894
4.0976,4.5797
4.1,4.5797
4.1024,4.5846
4.1047,4.5846
4.1071,4.5846
4.1095,4.5846
4.1119,4.5797
4.1143,4.5894
4.1166,4.5846
4.119,4.5894
4.1214,4.5894
4.1238,4.5894
4.1262,4.5894
4.1285,4.5943
4.1309,4.5943
4.1333,4.5846
4.1357,4.5943
4.1381,4.5894
4.1404,4.5894
4.1428,4.5894
4.1452,4.5846
4.1476,4.5943
4.15,4.5894
4.1523,4.5943
4.1547,4.5943
4.1571,4.5894
4.1595,4.5894
4.1619,4.5894
4.1642,4.5943
4.1666,4.5943
4.169,4.5943
4.1714,4.5894
4.1738,4.5943
4.1761,4.5894
4.1785,4.5943
4.1809,4.5894
4.1833,4.5943
4.1857,4.5894
4.188,4.5943
4.1904,4.5943
4.1928,4.5992
4.1952,4.5943
4.1976,4.5943
4.1999,4.5943
4.2023,4.5943
4.2047,4.5943
4.2071,4.5943
4.2095,4.5943
4.2118,4.5894
4.2142,4.5992
4.2166,4.5992
4.219,4.5943
4.2214,4.5992
4.2237,4.5992
4.2261,4.5992
4.2285,4.5992
4.2309,4.5992
4.2333,4.5943
4.2356,4.5992
4.238,4.5943
4.2404,4.5894
4.2428,4.5943
4.2452,4.5943
4.2475,4.5992
4.2499,4.5943
4.2523,4.5943
4.2547,4.5992
4.2571,4.5943
4.2594,4.6041
4.2618,4.5992
4.2642,4.5992
4.2666,4.5992
4.269,4.5992
4.2713,4.5943
4.2737,4.5992
4.2761,4.5992
4.2785,4.5992
4.2809,4.5992
4.2832,4.5992
4.2856,4.5992
4.288,4.6041
4.2904,4.5992
4.2928,4.5992
4.2951,4.5992
4.2975,4.6041
4.2999,4.5992
4.3023,4.5992
4.3047,4.5992
4.307,4.6041
4.3094,4.6041
4.3118,4.6041
4.3142,4.5992
4.3166,4.6041
4.3189,4.5943
4.3213,4.6041
4.3237,4.5992
4.3261,4.6041
4.3285,4.6041
4.3308,4.6041
4.3332,4.5992
4.3356,4.609
4.338,4.6041
4.3404,4.609
4.3427,4.6041
4.3451,4.609
4.3475,4.6041
4.3499,4.609
4.3523,4.609
4.3546,4.609
4.357,4.6041
4.3594,4.609
4.3618,4.6139
4.3642,4.609
4.3665,4.6041
4.3689,4.609
4.3713,4.609
4.3737,4.609
4.3761,4.6041
4.3784,4.6139
4.3808,4.609
4.3832,4.609
4.3856,4.609
4.388,4.609
4.3903,4.6139
4.3927,4.609
4.3951,4.609
4.3975,4.609
4.3999,4.609
4.4022,4.609
4.4046,4.6041
4.407,4.609
4.4094,4.6139
4.4118,4.609
4.4141,4.6139
4.4165,4.609
4.4189,4.6041
4.4213,4.6139
4.4237,4.609
4.426,4.609
4.4284,4.6139
4.4308,4.609
4.4332,4.609
4.4356,4.6139
4.4379,4.6139
4.4403,4.609
4.4427,4.6139
4.4451,4.609
4.4475,4.6188
4.4498,4.609
4.4522,4.6139
4.4546,4.6139
4.457,4.609
4.4594,4.6139
4.4617,4.6139
4.4641,4.6188
4.4665,4.6139
4.4689,4.609
4.4713,4.6139
4.4736,4.6139
4.476,4.6188
4.4784,4.6139
4.4808,4.6139
4.4832,4.6139
4.4855,4.6188
4.4879,4.6139
4.4903,4.6139
4.4927,4.6139
4.4951,4.6188
4.4974,4.6188
4.4998,4.6139
4.5022,4.6139
4.5046,4.6188
4.507,4.6139
4.5093,4.6139
4.5117,4.6237
4.5141,4.6188
4.5165,4.6139
4.5189,4.6188
4.5212,4.6139
4.5236,4.6139
4.526,4.6188
4.5284,4.6139
4.5308,4.6188
4.5331,4.6139
4.5355,4.6139
4.5379,4.6188
4.5403,4.6188
4.5427,4.6188
4.545,4.6188
4.5474,4.6188
4.5498,4.6188
4.5522,4.6188
4.5546,4.6139
4.5569,4.6237
4.5593,4.6188
4.5617,4.6188
4.5641,4.6188
4.5665,4.6188
4.5688,4.6188
4.5712,4.6237
4.5736,4.6237
4.576,4.6188
4.5784,4.6188
4.5807,4.6237
4.5831,4.6237
4.5855,4.6285
4.5879,4.6188
4.5903,4.6188
4.5926,4.6188
4.595,4.6188
4.5974,4.6237
4.5998,4.6285
4.6022,4.6285
4.6045,4.6237
4.6069,4.6285
4.6093,4.6237
4.6117,4.6237
4.6141,4.6237
4.6164,4.6285
4.6188,4.6188
4.6212,4.6188
4.6236,4.6237
4.626,4.6237
4.6283,4.6188
4.6307,4.6237
4.6331,4.6285
4.6355,4.6285
4.6379,4.6237
4.6402,4.6237
4.6426,4.6237
4.645,4.6237
4.6474,4.6237
4.6498,4.6188
4.6521,4.6285
4.6545,4.6285
4.6569,4.6237
4.6593,4.6285
4.6617,4.6237
4.664,4.6237
4.6664,4.6188
4.6688,4.6237
4.6712,4.6285
4.6736,4.6285
4.6759,4.6285
4.6783,4.6334
4.6807,4.6334
4.6831,4.6285
4.6855,4.6285
4.6878,4.6237
4.6902,4.6285
4.6926,4.6334
4.695,4.6334
4.6974,4.6334
4.6997,4.6383
4.7021,4.6334
4.7045,4.6334
4.7069,4.6334
4.7093,4.6383
4.7116,4.6334
4.714,4.6285
4.7164,4.6383
4.7188,4.6383
4.7212,4.6285
4.7235,4.6383
4.7259,4.6383
4.7283,4.6383
4.7307,4.6383
4.7331,4.6334
4.7354,4.6334
4.7378,4.6334
4.7402,4.6383
4.7426,4.6334
4.745,4.6383
4.7473,4.6383
4.7497,4.6383
4.7521,4.6383
4.7545,4.6383
4.7569,4.6383
4.7592,4.6383
4.7616,4.6383
4.764,4.6383
4.7664,4.6383
4.7688,4.6432
4.7711,4.6432
4.7735,4.6432
4.7759,4.6481
4.7783,4.6383
4.7807,4.6432
4.783,4.6383
4.7854,4.6481
4.7878,4.6432
4.7902,4.6432
4.7926,4.6481
4.7949,4.6432
4.7973,4.6481
4.7997,4.6432
4.8021,4.6481
4.8045,4.653
4.8068,4.6481
4.8092,4.6432
4.8116,4.6481
4.814,4.6432
4.8164,4.653
4.8187,4.6481
4.8211,4.6481
4.8235,4.6432
4.8259,4.6481
4.8283,4.6481
4.8306,4.653
4.833,4.6481
4.8354,4.653
4.8378,4.653
4.8402,4.6481
4.8425,4.6481
4.8449,4.653
4.8473,4.6481
4.8497,4.6481
4.8521,4.653
4.8544,4.653
4.8568,4.6579
4.8592,4.653
4.8616,4.653
4.864,4.6579
4.8663,4.653
4.8687,4.653
4.8711,4.653
4.8735,4.6579
4.8759,4.6579
4.8782,4.6579
4.8806,4.653
4.883,4.6628
4.8854,4.6579
4.8878,4.6579
4.8901,4.6579
4.8925,4.6579
4.8949,4.6628
4.8973,4.6579
4.8997,4.6579
4.902,4.6579
4.9044,4.6628
4.9068,4.6628
4.9092,4.6579
4.9116,4.6628
4.9139,4.6579
4.9163,4.6579
4.9187,4.6628
4.9211,4.6628
4.9235,4.6628
4.9258,4.6628
4.9282,4.6628
4.9306,4.6676
4.933,4.6725
4.9354,4.6628
4.9377,4.6579
4.9401,4.6628
4.9425,4.6628
4.9449,4.6676
4.9473,4.6676
4.9496,4.6676
4.952,4.6676
4.9544,4.6676
4.9568,4.6676
4.9592,4.6676
4.9615,4.6676
4.9639,4.6676
4.9663,4.6676
4.9687,4.6628
4.9711,4.6676
4.9734,4.6725
4.9758,4.6676
4.9782,4.6676
4.9806,4.6725
4.983,4.6725
4.9853,4.6725
4.9877,4.6725
4.9901,4.6725
4.9925,4.6676
4.9949,4.6725
4.9972,4.6725
4.9996,4.6676
5.002,4.6676
